0 0.78125 0.096875 0.225 0.1734375
0 0.465625 0.0703125 0.396875 0.09375
0 0.465625 0.165625 0.396875 0.09375
0 0.29375 0.25625 0.396875 0.09375
0 0.6953125 0.2625 0.396875 0.09375
0 0.2953125 0.3546875 0.396875 0.09375
0 0.2921875 0.45 0.396875 0.09375
0 0.2953125 0.5484375 0.396875 0.09375
0 0.290625 0.646875 0.403125 0.0890625
0 0.290625 0.7421875 0.403125 0.0890625
0 0.2875 0.840625 0.403125 0.0890625
0 0.2875 0.9390625 0.403125 0.0890625
0 0.696875 0.359375 0.403125 0.0890625
0 0.7 0.45625 0.403125 0.0890625
0 0.703125 0.55 0.403125 0.0890625
0 0.696875 0.646875 0.3921875 0.084375
0 0.696875 0.740625 0.3921875 0.084375
0 0.6953125 0.8359375 0.3921875 0.084375
0 0.6953125 0.934375 0.3921875 0.084375